26 0.0890625 0.198611 0.1375 0.280556 0.257221
63 0.76875 0.279167 0.065625 0.247222 0.257685
26 0.400781 0.390278 0.0890625 0.163889 0.347721
24 0.401563 0.390278 0.090625 0.163889 0.369553
28 0.0890625 0.197222 0.134375 0.277778 0.379847
28 0.1375 0.304167 0.271875 0.591667 0.399153
57 0.135937 0.301389 0.26875 0.591667 0.405748
73 0.209375 0.166667 0.075 0.0944444 0.430526
57 0.48125 0.173611 0.309375 0.347222 0.517924
62 0.533594 0.177778 0.192188 0.333333 0.533253
0 0.282813 0.172222 0.16875 0.344444 0.853248
0 0.775781 0.456944 0.304688 0.569444 0.924678
