58 0.885156 0.593056 0.132812 0.280556 0.277331
57 0.133594 0.318056 0.264062 0.558333 0.314596
28 0.0890625 0.205556 0.134375 0.261111 0.340714
28 0.134375 0.331944 0.265625 0.541667 0.349283
56 0.723437 0.533333 0.171875 0.3 0.355312
73 0.2125 0.165278 0.078125 0.0916667 0.392445
26 0.0882813 0.204167 0.132812 0.263889 0.405714
26 0.400781 0.390278 0.0890625 0.163889 0.437594
24 0.401563 0.390278 0.090625 0.163889 0.488181
57 0.480469 0.176389 0.314063 0.352778 0.702476
0 0.314063 0.181944 0.14375 0.358333 0.828596
