41 0.374219 0.240278 0.0171875 0.0583333 0.250269
73 0.2125 0.159722 0.08125 0.108333 0.251687
63 0.213281 0.15 0.0828125 0.122222 0.275564
26 0.400781 0.388889 0.0890625 0.166667 0.342464
60 0.488281 0.4125 0.345313 0.447222 0.346723
24 0.400781 0.388889 0.0890625 0.161111 0.366803
28 0.134375 0.319444 0.265625 0.566667 0.387549
57 0.134375 0.305556 0.265625 0.583333 0.427271
57 0.482031 0.177778 0.317187 0.355556 0.598633
0 0.283594 0.1875 0.148438 0.369444 0.867919
0 0.692969 0.620833 0.429688 0.741667 0.96
