24 0.635156 0.236111 0.0953125 0.238889 0.273878
60 0.491406 0.411111 0.348437 0.433333 0.283938
26 0.0898438 0.195833 0.132812 0.280556 0.295397
26 0.401563 0.391667 0.090625 0.166667 0.30883
73 0.210156 0.166667 0.0796875 0.0944444 0.332848
63 0.210156 0.166667 0.0796875 0.0944444 0.363783
24 0.401563 0.391667 0.090625 0.161111 0.457521
28 0.134375 0.330556 0.265625 0.544444 0.482645
57 0.483594 0.177778 0.314063 0.355556 0.5602
0 0.286719 0.1875 0.135937 0.363889 0.845455
0 0.800781 0.541667 0.329688 0.572222 0.962869
