0 0.640625 0.277778 0.10625 0.322222 0.25154
26 0.0914062 0.197222 0.135937 0.277778 0.270007
62 0.535156 0.176389 0.192188 0.347222 0.291603
24 0.400781 0.390278 0.0890625 0.163889 0.34709
63 0.689844 0.141667 0.0546875 0.161111 0.351738
73 0.209375 0.166667 0.078125 0.0944444 0.444537
28 0.134375 0.302778 0.26875 0.594444 0.461792
57 0.48125 0.177778 0.3125 0.355556 0.462016
65 0.448438 0.329167 0.025 0.0527778 0.463433
26 0.400781 0.390278 0.0890625 0.163889 0.489931
0 0.278125 0.184722 0.159375 0.363889 0.816013
0 0.761719 0.298611 0.245312 0.441667 0.85913
