26 0.0898438 0.195833 0.132812 0.280556 0.266387
24 0.635938 0.2375 0.096875 0.236111 0.273166
60 0.491406 0.409722 0.348437 0.436111 0.296756
57 0.132812 0.320833 0.265625 0.552778 0.302138
26 0.401563 0.391667 0.090625 0.166667 0.30389
63 0.210156 0.166667 0.0796875 0.0944444 0.313916
73 0.210156 0.166667 0.0796875 0.0944444 0.32574
28 0.134375 0.330556 0.265625 0.544444 0.469088
24 0.401563 0.390278 0.090625 0.163889 0.479366
57 0.482812 0.176389 0.315625 0.352778 0.544384
0 0.2875 0.188889 0.1375 0.361111 0.835631
0 0.800781 0.541667 0.329688 0.572222 0.962834
