41 0.375781 0.238889 0.0171875 0.0555556 0.266738
63 0.211719 0.166667 0.0765625 0.0944444 0.290193
57 0.134375 0.309722 0.265625 0.575 0.306865
60 0.4875 0.397222 0.34375 0.411111 0.309041
26 0.400781 0.390278 0.0890625 0.163889 0.362009
73 0.210156 0.166667 0.0765625 0.0944444 0.421187
28 0.135156 0.316667 0.264062 0.566667 0.448125
26 0.090625 0.197222 0.134375 0.277778 0.478352
57 0.479688 0.172222 0.3125 0.344444 0.788772
0 0.277344 0.227778 0.157813 0.45 0.818759
0 0.73125 0.297222 0.28125 0.5 0.821826
