56 0.567187 0.213889 0.25625 0.427778 0.264812
28 0.133594 0.323611 0.264062 0.552778 0.265815
73 0.210938 0.1625 0.08125 0.0972222 0.267265
24 0.4 0.390278 0.090625 0.163889 0.280199
26 0.0921875 0.198611 0.13125 0.280556 0.305382
26 0.4 0.391667 0.090625 0.166667 0.315106
62 0.54375 0.179167 0.209375 0.352778 0.33928
57 0.567187 0.204167 0.25625 0.408333 0.341879
24 0.630469 0.229167 0.0859375 0.258333 0.489632
0 0.282813 0.191667 0.146875 0.383333 0.858611
0 0.695312 0.618056 0.421875 0.747222 0.963888
