24 0.634375 0.227778 0.09375 0.25 0.252696
28 0.0898438 0.202778 0.135937 0.261111 0.256438
56 0.610156 0.223611 0.342187 0.447222 0.267894
60 0.489844 0.402778 0.342187 0.411111 0.329179
73 0.210156 0.166667 0.0765625 0.0944444 0.351895
28 0.133594 0.423611 0.260938 0.352778 0.397788
56 0.723437 0.534722 0.171875 0.302778 0.398542
26 0.0898438 0.202778 0.135937 0.261111 0.400756
26 0.400781 0.388889 0.0890625 0.166667 0.428173
57 0.483594 0.170833 0.307813 0.341667 0.514374
24 0.401563 0.390278 0.090625 0.163889 0.552387
0 0.320312 0.181944 0.128125 0.363889 0.863102
