60 0.485938 0.4 0.340625 0.416667 0.254481
26 0.0914062 0.197222 0.135937 0.277778 0.266365
56 0.5375 0.176389 0.196875 0.347222 0.326267
57 0.536719 0.173611 0.198437 0.347222 0.328707
57 0.134375 0.306944 0.26875 0.586111 0.366221
24 0.400781 0.390278 0.0890625 0.163889 0.398024
26 0.400781 0.390278 0.0890625 0.163889 0.462055
28 0.135156 0.309722 0.267188 0.586111 0.471381
73 0.209375 0.166667 0.078125 0.0944444 0.474757
62 0.534375 0.179167 0.1875 0.330556 0.659847
0 0.278906 0.184722 0.160938 0.363889 0.832293
0 0.754687 0.397222 0.28125 0.566667 0.872085
