24 0.400781 0.388889 0.0890625 0.161111 0.263137
26 0.4 0.390278 0.090625 0.163889 0.285523
26 0.090625 0.198611 0.134375 0.275 0.292279
57 0.136719 0.298611 0.273438 0.597222 0.309249
28 0.136719 0.298611 0.273438 0.597222 0.382199
73 0.210156 0.166667 0.0796875 0.0944444 0.382661
62 0.536719 0.173611 0.195312 0.336111 0.384358
57 0.482031 0.175 0.317187 0.35 0.559682
63 0.750781 0.686111 0.126563 0.194444 0.671326
0 0.317187 0.2 0.13125 0.394444 0.70649
0 0.596094 0.619444 0.542188 0.7 0.947918
