26 0.4 0.390278 0.090625 0.163889 0.250485
28 0.1375 0.302778 0.271875 0.588889 0.281712
26 0.090625 0.197222 0.134375 0.277778 0.294248
24 0.4 0.388889 0.090625 0.161111 0.359466
73 0.210156 0.166667 0.0796875 0.0944444 0.360517
57 0.139062 0.3 0.275 0.594444 0.377562
24 0.640625 0.236111 0.103125 0.255556 0.383219
57 0.484375 0.175 0.315625 0.35 0.642771
63 0.753125 0.679167 0.134375 0.197222 0.642942
0 0.302344 0.193056 0.135937 0.386111 0.730165
0 0.596094 0.616667 0.542188 0.705556 0.958982
