56 0.523438 0.220833 0.384375 0.441667 0.25148
24 0.63125 0.227778 0.0875 0.255556 0.278027
28 0.132812 0.316667 0.265625 0.572222 0.302408
26 0.401563 0.390278 0.090625 0.163889 0.390418
73 0.210156 0.166667 0.0765625 0.0944444 0.407818
60 0.488281 0.401389 0.345313 0.419444 0.440636
24 0.401563 0.390278 0.090625 0.163889 0.517575
57 0.133594 0.306944 0.267188 0.586111 0.520537
57 0.513281 0.213889 0.376563 0.427778 0.588426
0 0.321875 0.180556 0.128125 0.361111 0.796011
0 0.760156 0.406944 0.285937 0.563889 0.883631
