57 0.480469 0.158333 0.317187 0.316667 0.258808
41 0.375781 0.238889 0.0171875 0.0555556 0.297907
24 0.401563 0.388889 0.090625 0.161111 0.319818
26 0.0898438 0.197222 0.132812 0.283333 0.329041
73 0.209375 0.166667 0.075 0.0944444 0.40515
26 0.400781 0.388889 0.0890625 0.166667 0.418764
63 0.567187 0.223611 0.25625 0.425 0.535852
57 0.132812 0.302778 0.265625 0.588889 0.57637
62 0.564062 0.223611 0.25 0.419444 0.626241
0 0.303125 0.177778 0.128125 0.344444 0.761181
0 0.61875 0.536111 0.471875 0.761111 0.958976
