41 0.376563 0.238889 0.015625 0.0555556 0.25102
62 0.546094 0.244444 0.132812 0.238889 0.321935
73 0.210156 0.166667 0.0765625 0.0944444 0.370097
26 0.090625 0.195833 0.13125 0.280556 0.371465
24 0.401563 0.388889 0.090625 0.161111 0.423837
26 0.400781 0.388889 0.0890625 0.166667 0.486767
28 0.132812 0.309722 0.265625 0.580556 0.502526
63 0.545313 0.3125 0.134375 0.380556 0.540396
57 0.482812 0.136111 0.315625 0.272222 0.566363
0 0.302344 0.176389 0.132812 0.347222 0.776288
0 0.596094 0.584722 0.457812 0.819444 0.928219
