63 0.210938 0.166667 0.078125 0.0944444 0.253187
26 0.4 0.388889 0.090625 0.166667 0.289544
28 0.135937 0.301389 0.26875 0.602778 0.304614
73 0.209375 0.166667 0.078125 0.0944444 0.337967
26 0.0914062 0.194444 0.132812 0.277778 0.362138
24 0.634375 0.229167 0.09375 0.258333 0.382643
57 0.134375 0.301389 0.265625 0.597222 0.485157
24 0.400781 0.390278 0.0890625 0.163889 0.493892
57 0.4875 0.186111 0.325 0.372222 0.535561
63 0.601562 0.545833 0.153125 0.275 0.740654
0 0.319531 0.2125 0.129688 0.425 0.759215
0 0.628125 0.593056 0.45625 0.763889 0.952809
