24 0.426562 0.0652778 0.1 0.130556 0.270332
73 0.209375 0.166667 0.078125 0.0944444 0.317534
26 0.4 0.388889 0.090625 0.166667 0.362882
26 0.0914062 0.195833 0.132812 0.280556 0.386659
63 0.535156 0.465278 0.195312 0.419444 0.398533
28 0.135156 0.301389 0.267188 0.597222 0.435427
24 0.634375 0.230556 0.090625 0.255556 0.453634
24 0.4 0.390278 0.090625 0.163889 0.508711
57 0.48125 0.176389 0.315625 0.352778 0.710012
0 0.317187 0.186111 0.134375 0.372222 0.784383
0 0.574219 0.551389 0.460938 0.813889 0.803152
