24 0.401563 0.390278 0.090625 0.163889 0.326425
26 0.0898438 0.198611 0.135937 0.280556 0.332267
56 0.672656 0.272222 0.170312 0.333333 0.335818
28 0.0890625 0.195833 0.134375 0.280556 0.340533
26 0.400781 0.390278 0.0890625 0.163889 0.371124
62 0.535937 0.173611 0.178125 0.280556 0.501223
57 0.136719 0.301389 0.270312 0.591667 0.510585
57 0.480469 0.172222 0.310937 0.344444 0.51191
73 0.209375 0.165278 0.075 0.0916667 0.532684
0 0.282813 0.172222 0.16875 0.344444 0.859452
0 0.796875 0.526389 0.321875 0.597222 0.936892
