62 0.534375 0.175 0.19375 0.338889 0.255547
56 0.609375 0.223611 0.340625 0.447222 0.284759
60 0.488281 0.402778 0.342187 0.411111 0.320383
73 0.210938 0.166667 0.078125 0.0944444 0.375963
56 0.723437 0.534722 0.171875 0.302778 0.390063
57 0.482031 0.169444 0.310937 0.338889 0.413163
26 0.0898438 0.204167 0.135937 0.263889 0.422753
26 0.400781 0.388889 0.0890625 0.166667 0.424714
24 0.401563 0.390278 0.090625 0.163889 0.533063
28 0.132812 0.422222 0.2625 0.355556 0.551269
0 0.301562 0.183333 0.109375 0.333333 0.802652
