60 0.488281 0.4 0.335938 0.422222 0.260119
63 0.211719 0.166667 0.0765625 0.0944444 0.33874
62 0.714063 0.195833 0.025 0.147222 0.339289
26 0.090625 0.197222 0.134375 0.277778 0.339452
73 0.210156 0.166667 0.0765625 0.0944444 0.367619
57 0.134375 0.305556 0.265625 0.588889 0.419051
57 0.482812 0.173611 0.309375 0.347222 0.425642
26 0.400781 0.388889 0.0890625 0.166667 0.449742
24 0.401563 0.388889 0.090625 0.161111 0.48788
62 0.535156 0.176389 0.192188 0.330556 0.63408
0 0.278125 0.197222 0.159375 0.388889 0.816223
0 0.748438 0.397222 0.296875 0.566667 0.910917
