28 0.090625 0.2 0.134375 0.277778 0.271701
62 0.536719 0.173611 0.201562 0.347222 0.28007
26 0.4 0.390278 0.090625 0.163889 0.317991
73 0.209375 0.166667 0.078125 0.0944444 0.318403
24 0.4 0.388889 0.090625 0.161111 0.341989
65 0.374219 0.238889 0.0171875 0.0611111 0.432281
57 0.133594 0.302778 0.267188 0.588889 0.615986
57 0.482031 0.175 0.314063 0.35 0.721042
63 0.753125 0.683333 0.13125 0.188889 0.733602
0 0.317969 0.183333 0.132812 0.366667 0.82025
0 0.595312 0.618056 0.540625 0.702778 0.959372
