56 0.5375 0.176389 0.196875 0.352778 0.252543
65 0.570312 0.438889 0.028125 0.0333333 0.263776
26 0.090625 0.198611 0.134375 0.280556 0.275398
26 0.400781 0.388889 0.0890625 0.166667 0.350163
28 0.134375 0.313889 0.265625 0.577778 0.379889
24 0.401563 0.390278 0.090625 0.163889 0.449075
57 0.522656 0.176389 0.226562 0.352778 0.454895
73 0.210938 0.166667 0.075 0.0944444 0.462513
57 0.134375 0.304167 0.265625 0.586111 0.464603
62 0.535156 0.175 0.192188 0.35 0.659698
0 0.285937 0.190278 0.159375 0.363889 0.729806
0 0.754687 0.397222 0.28125 0.572222 0.913579
