28 0.0890625 0.197222 0.1375 0.277778 0.293337
73 0.211719 0.163889 0.0796875 0.0944444 0.32388
26 0.0890625 0.195833 0.134375 0.275 0.367967
24 0.401563 0.390278 0.090625 0.163889 0.39859
56 0.672656 0.272222 0.170312 0.333333 0.402598
26 0.400781 0.390278 0.0890625 0.163889 0.451927
28 0.135156 0.305556 0.267188 0.588889 0.47094
57 0.480469 0.165278 0.310937 0.330556 0.495869
62 0.535156 0.179167 0.182812 0.297222 0.564964
0 0.278906 0.175 0.167187 0.35 0.83489
0 0.802344 0.547222 0.332812 0.561111 0.948933
