62 0.714063 0.195833 0.025 0.147222 0.296186
60 0.489062 0.401389 0.3375 0.419444 0.316678
63 0.211719 0.166667 0.0765625 0.0944444 0.338432
26 0.090625 0.197222 0.134375 0.277778 0.340019
73 0.210156 0.166667 0.0765625 0.0944444 0.409101
26 0.401563 0.388889 0.090625 0.166667 0.453155
57 0.482812 0.172222 0.309375 0.344444 0.489105
57 0.134375 0.305556 0.265625 0.588889 0.489697
24 0.401563 0.388889 0.090625 0.161111 0.490736
62 0.535156 0.176389 0.192188 0.330556 0.611556
0 0.278125 0.195833 0.159375 0.386111 0.792875
0 0.749219 0.397222 0.295312 0.566667 0.913076
