26 0.0914062 0.2 0.135937 0.277778 0.284258
28 0.134375 0.305556 0.265625 0.594444 0.307381
26 0.4 0.390278 0.090625 0.163889 0.321155
73 0.210938 0.166667 0.078125 0.0944444 0.327894
24 0.401563 0.390278 0.090625 0.163889 0.410787
57 0.133594 0.301389 0.267188 0.591667 0.42637
24 0.635156 0.231944 0.0953125 0.263889 0.448643
63 0.782812 0.683333 0.19375 0.205556 0.626137
57 0.48125 0.175 0.31875 0.35 0.749422
0 0.31875 0.180556 0.13125 0.361111 0.82978
0 0.595312 0.618056 0.540625 0.702778 0.960192
