60 0.488281 0.4 0.335938 0.422222 0.264061
63 0.210938 0.166667 0.075 0.0944444 0.315139
62 0.714063 0.195833 0.025 0.147222 0.328843
26 0.090625 0.197222 0.134375 0.277778 0.343613
73 0.210156 0.166667 0.0765625 0.0944444 0.378918
57 0.482031 0.173611 0.310937 0.347222 0.446872
57 0.134375 0.305556 0.265625 0.588889 0.447894
26 0.400781 0.388889 0.0890625 0.166667 0.453611
24 0.401563 0.388889 0.090625 0.161111 0.48389
62 0.535156 0.176389 0.192188 0.330556 0.628161
0 0.278125 0.198611 0.159375 0.391667 0.76982
0 0.747656 0.398611 0.298438 0.569444 0.914801
