28 0.0898438 0.205556 0.135937 0.261111 0.253859
62 0.534375 0.175 0.19375 0.338889 0.257937
56 0.609375 0.223611 0.340625 0.447222 0.273119
60 0.489062 0.401389 0.34375 0.413889 0.309129
73 0.210156 0.166667 0.0765625 0.0944444 0.358627
56 0.723437 0.534722 0.171875 0.302778 0.372823
26 0.0898438 0.202778 0.132812 0.261111 0.40168
57 0.482031 0.170833 0.310937 0.341667 0.419433
26 0.400781 0.388889 0.0890625 0.166667 0.425704
24 0.401563 0.390278 0.090625 0.163889 0.529986
28 0.132812 0.422222 0.2625 0.355556 0.575095
0 0.301562 0.177778 0.109375 0.344444 0.811029
